     0/299     7.36G   0.07821    0.0184   0.02469    0.1213        37       640 0.0008245   0.03975 0.0001396 1.979e-05   0.09218   0.02512   0.02477
     1/299     7.38G   0.06569   0.01987   0.01844     0.104         4       640    0.1185    0.2292   0.09991   0.02198   0.07447   0.02673   0.01834
     2/299     7.38G   0.06289   0.01664   0.01219   0.09172         7       640    0.5801    0.4437     0.309   0.07951   0.08488     0.019   0.01506
     3/299     7.38G   0.06416   0.01553   0.01219   0.09187        25       640    0.9249   0.09333    0.1256   0.03244   0.09669    0.0203   0.02157
     4/299     7.38G   0.06576   0.01458   0.01325   0.09358        24       640   0.04723      0.03   0.01345    0.0026    0.1019   0.02081   0.02747
     5/299     7.38G   0.06727   0.01608   0.01436   0.09771         9       640     0.449    0.1629    0.1035     0.032   0.08377   0.02251   0.01749
     6/299     7.38G   0.06204    0.0153   0.01093   0.08827        22       640     0.176    0.2777    0.1429   0.03555   0.08901   0.01854   0.01833
     7/299     7.38G   0.06203   0.01488  0.009309   0.08622        14       640    0.2004    0.3674    0.2366   0.06618   0.07488   0.02295   0.01224
     8/299     7.38G   0.05857    0.0142  0.007259   0.08003        27       640    0.2546    0.2968    0.2855    0.1092   0.08015   0.01978   0.01197
     9/299     7.38G   0.05636   0.01393  0.006351   0.07663        22       640    0.5458     0.648    0.5314    0.1782   0.07068    0.0214   0.01253
    10/299     7.38G    0.0533   0.01273   0.00459   0.07062        16       640    0.5711    0.7362    0.7221    0.2539   0.07529   0.01734   0.01164
    11/299     7.38G   0.05005   0.01348  0.004325   0.06786        14       640    0.5797    0.7092    0.6461    0.2587   0.07236   0.01823   0.01372
    12/299     7.38G    0.0466    0.0121  0.003541   0.06224        19       640    0.7827    0.7907    0.8344    0.3562   0.07099   0.01728   0.01335
    13/299     7.38G   0.04132    0.0116  0.002969   0.05589         8       640    0.9635    0.8895     0.947     0.531   0.06188   0.01615   0.01138
    14/299     7.38G   0.03944    0.0122  0.003067   0.05471        32       640    0.9351    0.9272    0.9525    0.5618   0.05722   0.01588  0.006425
    15/299     7.38G   0.03823   0.01141  0.002763   0.05241         6       640    0.9715    0.8736    0.8958    0.5775   0.05985   0.01519    0.1247
    16/299     7.38G   0.03598   0.01133  0.002631   0.04994        22       640    0.9518    0.9453    0.9562    0.5829   0.05084   0.01672  0.006355
    17/299     7.38G   0.03482    0.0105  0.002375    0.0477         6       640    0.9647    0.9343    0.9558    0.5771   0.04879   0.01546  0.005497
    18/299     7.38G   0.03336   0.01055  0.001935   0.04585        18       640    0.9607    0.9571    0.9649    0.6492   0.04741   0.01569  0.003159
    19/299     7.38G   0.03352   0.01011  0.001393   0.04503        25       640    0.9515     0.957    0.9703    0.6717   0.04837   0.01692  0.003319
    20/299     7.38G   0.03193   0.00998  0.001602   0.04352        17       640    0.9536     0.944    0.9638    0.6941   0.04631   0.01536  0.003816
    21/299     7.38G   0.03123  0.009963  0.001686   0.04288        12       640    0.9655    0.9508     0.974    0.6868    0.0439   0.01554  0.003594
    22/299     7.38G   0.02991  0.009578  0.001504   0.04099         7       640    0.9493    0.9609    0.9714    0.6897   0.04281   0.01597  0.003429
    23/299     7.38G   0.02948  0.009607  0.001555   0.04065         6       640    0.9684    0.9802    0.9819    0.6904   0.04134   0.01535  0.003256
    24/299     7.38G   0.02876  0.009665  0.001125   0.03955         6       640    0.9624    0.9737    0.9804    0.7131   0.04162   0.01539  0.003333
    25/299     7.38G   0.02853  0.009387  0.001415   0.03933         6       640    0.9744    0.9542    0.9818    0.7223   0.03808   0.01779  0.004105
    26/299     7.38G   0.02842  0.009288  0.001167   0.03887        28       640    0.9818    0.9507    0.9792    0.7048   0.03846    0.0166  0.004513
    27/299     7.38G   0.02725  0.009113  0.001062   0.03742        21       640    0.9739    0.9808    0.9848    0.7249   0.03876   0.01664  0.003472
    28/299     7.38G   0.02787   0.00893  0.001002   0.03781        20       640    0.9726    0.9751    0.9827    0.7211   0.03846   0.01628  0.003128
    29/299     7.38G   0.02687     0.009 0.0008813   0.03676        11       640    0.9736    0.9694    0.9791    0.7248   0.03807   0.01645  0.003161
    30/299     7.38G   0.02755  0.008947  0.001028   0.03753         5       640    0.9575    0.9836     0.982     0.731   0.03902   0.01601  0.003991
    31/299     7.38G   0.02719  0.009241  0.001021   0.03746        20       640    0.9828    0.9669    0.9774     0.731    0.0371   0.01705  0.003511
    32/299     7.38G   0.02649  0.008686  0.001089   0.03627        13       640    0.9826    0.9836    0.9841    0.7278   0.03832   0.01624  0.003385
    33/299     7.38G   0.02624  0.009649 0.0009518   0.03684         9       640    0.9762    0.9885    0.9845    0.7562   0.03479   0.01666  0.004113
    34/299     7.38G    0.0256  0.009372 0.0008492   0.03582         9       640    0.9796    0.9736    0.9848    0.7501   0.03629   0.01596  0.003809
    35/299     7.38G    0.0263  0.008605  0.000821   0.03573        18       640    0.9631    0.9835    0.9823    0.7495   0.03709   0.01573  0.003896
    36/299     7.38G   0.02621   0.00846  0.001111   0.03579        26       640    0.9674    0.9886    0.9867    0.7508   0.03629   0.01649  0.003894
    37/299     7.38G   0.02506  0.008666 0.0009919   0.03472        24       640    0.9684    0.9772    0.9844    0.7605   0.03632   0.01565  0.003923
    38/299     7.38G   0.02504  0.008949 0.0008421   0.03483        10       640    0.9623     0.967    0.9843    0.7481   0.03628   0.01587  0.004131
    39/299     7.38G   0.02479  0.008379  0.001035    0.0342        25       640     0.955    0.9836    0.9808    0.7537   0.03623   0.01641  0.004192
    40/299     7.38G   0.02532  0.008818  0.001042   0.03518         6       640    0.9825    0.9878    0.9865    0.7519   0.03666   0.01588  0.003429
    41/299     7.38G   0.02414  0.008319 0.0008366    0.0333        18       640    0.9891    0.9801    0.9865     0.752   0.03594   0.01739  0.003968
    42/299     7.38G   0.02446  0.008582  0.001171   0.03422         7       640    0.9735    0.9868    0.9858    0.7425   0.03802    0.0168  0.003195
    43/299     7.38G   0.02441  0.008283 0.0008948   0.03358        14       640    0.9803    0.9896    0.9847    0.7688   0.03541   0.01682  0.003948
    44/299     7.38G   0.02407  0.008662 0.0008719    0.0336        31       640     0.981    0.9868    0.9858    0.7663   0.03505   0.01742  0.004425
    45/299     7.38G   0.02436  0.008284  0.000768   0.03341        11       640    0.9736    0.9891    0.9862    0.7817   0.03648   0.01597   0.00338
    46/299     7.38G   0.02364  0.008279 0.0008444   0.03276        20       640    0.9749    0.9803     0.982    0.7642   0.03721   0.01698  0.003284
    47/299     7.38G   0.02428  0.008584 0.0009201   0.03378         8       640    0.9757    0.9817    0.9862    0.7621   0.03652   0.01597   0.00333
    48/299     7.38G   0.02396  0.007882 0.0006423   0.03248        35       640    0.9824    0.9869    0.9883    0.7796   0.03546   0.01598  0.003006
    49/299     7.38G    0.0232  0.007953 0.0009194   0.03207        23       640    0.9763    0.9867    0.9869    0.7757   0.03575   0.01619  0.003038
    50/299     7.38G   0.02368  0.008438  0.000647   0.03276        16       640    0.9784    0.9901     0.985    0.7753   0.03516   0.01557  0.003134
    51/299     7.38G   0.02353  0.007923 0.0008815   0.03233        17       640    0.9795    0.9796    0.9867    0.7828   0.03449   0.01612  0.003416
    52/299     7.38G   0.02391  0.007879 0.0007595   0.03255         3       640    0.9806    0.9864    0.9886     0.769   0.03552   0.01689  0.003299
    53/299     7.38G   0.02367  0.008147 0.0006725   0.03249        10       640    0.9789    0.9803    0.9889    0.7842   0.03507   0.01706  0.003024
    54/299     7.38G   0.02323  0.008353 0.0008686   0.03246        17       640    0.9894    0.9765    0.9882    0.7706   0.03543   0.01686  0.003313
    55/299     7.38G   0.02461  0.008366 0.0008634   0.03384        15       640    0.9766    0.9735    0.9887    0.7784   0.03506   0.01818  0.003321
    56/299     7.38G   0.02313  0.008274 0.0007865   0.03219         1       640    0.9812    0.9873     0.988    0.7726   0.03612   0.01769  0.003514
    57/299     7.38G   0.02367  0.007755 0.0006064   0.03204         5       640    0.9751    0.9838    0.9885    0.7836   0.03646   0.01815  0.003297
    58/299     7.38G   0.02282   0.00778 0.0006292   0.03123        18       640    0.9692    0.9799    0.9888    0.7818   0.03498   0.01835  0.003215
    59/299     7.38G   0.02325  0.007736  0.000915    0.0319        15       640    0.9789    0.9787    0.9872    0.7832   0.03537   0.01727  0.003489
    60/299     7.38G   0.02298  0.007805 0.0008285   0.03162        27       640     0.977    0.9748    0.9868    0.7761   0.03651   0.01745  0.003652
    61/299     7.38G   0.02276  0.007715 0.0009158   0.03139        10       640    0.9736    0.9783    0.9841    0.7777   0.03413   0.01818   0.00327
    62/299     7.38G   0.02224  0.007481 0.0007304   0.03045        18       640    0.9675    0.9839    0.9838    0.7693   0.03524   0.01785  0.003302
    63/299     7.38G   0.02286  0.007951 0.0007182   0.03153        18       640    0.9801    0.9794    0.9831    0.7843   0.03389   0.01762  0.003211
    64/299     7.38G   0.02259  0.007626 0.0006617   0.03088         5       640    0.9823    0.9845    0.9856    0.7922   0.03311   0.01798  0.003278
    65/299     7.38G   0.02223   0.00785 0.0008167    0.0309         8       640    0.9764    0.9765     0.981    0.7873   0.03307   0.01702  0.003141
    66/299     7.38G   0.02226  0.007738 0.0008692   0.03087        13       640    0.9812    0.9901    0.9868    0.7858   0.03374   0.01692   0.00366
    67/299     7.38G   0.02321  0.007952 0.0008061   0.03197         5       640    0.9757    0.9872    0.9853    0.7835   0.03323   0.01803  0.003807
    68/299     7.38G    0.0226  0.007773 0.0006435   0.03101        12       640    0.9782    0.9901     0.984    0.7795   0.03342   0.01669  0.003106
    69/299     7.38G   0.02241   0.00795 0.0007381    0.0311        17       640    0.9751    0.9701    0.9816    0.7765    0.0336   0.01786  0.003154
    70/299     7.38G   0.02171  0.007461 0.0006963   0.02986        15       640    0.9821    0.9901    0.9843    0.7802   0.03277   0.01876  0.003569
    71/299     7.38G   0.02195    0.0074 0.0007939   0.03014        27       640    0.9819    0.9886    0.9849    0.7917   0.03288   0.01914  0.003592
    72/299     7.38G   0.02194  0.007821 0.0006761   0.03044        41       640     0.981    0.9867    0.9857    0.7829   0.03361   0.01895  0.003383
    73/299     7.38G   0.02169  0.007918 0.0007234   0.03033        20       640    0.9758    0.9901    0.9842    0.7841   0.03408   0.01788  0.003288
    74/299     7.38G   0.02181   0.00774 0.0008617   0.03041        34       640    0.9741    0.9901    0.9842    0.7725   0.03242   0.01873  0.003216
    75/299     7.38G   0.02138  0.007645 0.0006844   0.02971        21       640    0.9771    0.9901    0.9843    0.7881   0.03348   0.01939  0.003584
    76/299     7.38G   0.02197  0.007551 0.0007449   0.03026        30       640     0.974    0.9901    0.9856    0.7959   0.03306    0.0189  0.003735
    77/299     7.38G   0.02112  0.007486 0.0008528   0.02946        13       640     0.968    0.9868    0.9817    0.7839   0.03237   0.01846  0.003553
    78/299     7.38G   0.02198  0.007992 0.0007837   0.03076         7       640    0.9899    0.9775     0.985    0.7873   0.03209   0.01915  0.003912
    79/299     7.38G   0.02185  0.007677 0.0007268   0.03025        14       640     0.981    0.9865    0.9854    0.7924   0.03208   0.01961  0.004786
    80/299     7.38G    0.0217  0.007559 0.0006467   0.02991        30       640    0.9788    0.9864    0.9868    0.7743   0.03306   0.01916  0.003679
    81/299     7.38G   0.02126  0.007515 0.0006687   0.02945        42       640    0.9694    0.9934    0.9866    0.7811   0.03249   0.01829  0.003559
    82/299     7.38G   0.02112  0.007797 0.0007635   0.02968        20       640    0.9758      0.98    0.9819    0.7784   0.03343   0.01877  0.004005
    83/299     7.38G   0.02079  0.007659 0.0005582   0.02901        19       640    0.9859    0.9836    0.9887    0.7887   0.03253   0.01924  0.003617
    84/299     7.38G   0.02136  0.007481  0.000679   0.02952        14       640    0.9709    0.9901    0.9852    0.7877   0.03221   0.01979   0.00404
    85/299     7.38G   0.02112  0.007412 0.0008256   0.02936        28       640    0.9817    0.9769    0.9847    0.7874   0.03259   0.01928  0.003936
    86/299     7.38G   0.02081   0.00727 0.0006056   0.02869        16       640    0.9902    0.9867    0.9886     0.794   0.03192   0.01918  0.003932
    87/299     7.38G   0.02154  0.007562 0.0006073   0.02971        15       640      0.98    0.9901    0.9879    0.7941   0.03161    0.0197  0.003261
    88/299     7.38G   0.02098  0.007616 0.0007225   0.02932        12       640    0.9835    0.9835    0.9849    0.7824   0.03214   0.01856  0.003514
    89/299     7.38G   0.02131  0.007428 0.0006715   0.02941         8       640    0.9785    0.9901    0.9864    0.7843   0.03201   0.01811  0.003423
    90/299     7.38G   0.02054  0.007792 0.0006095   0.02894        18       640    0.9826    0.9868    0.9843    0.7936   0.03245   0.01796  0.003283
    91/299     7.38G   0.02075  0.007663 0.0007344   0.02915         6       640    0.9688    0.9837    0.9865    0.7897   0.03151   0.01882  0.003391
    92/299     7.38G   0.02069  0.007199 0.0005645   0.02845        21       640    0.9885    0.9867    0.9891    0.7908   0.03127   0.01946  0.003451
    93/299     7.38G   0.02029  0.007328 0.0005238   0.02814        27       640    0.9748    0.9802     0.987    0.7831   0.03092   0.01911  0.002971
    94/299     7.38G   0.02073  0.007505 0.0006729   0.02891        20       640    0.9825    0.9838    0.9873    0.7811   0.03071   0.01934  0.003237
    95/299     7.38G   0.02051  0.007299 0.0005373   0.02835        24       640    0.9796    0.9802    0.9785    0.7844   0.03017   0.01951  0.002967
    96/299     7.38G   0.02119  0.007155 0.0005751   0.02892         8       640    0.9684    0.9901    0.9844    0.7932   0.02927   0.01919  0.003218
    97/299     7.38G   0.02082   0.00731 0.0005947   0.02872        27       640    0.9866    0.9668    0.9817    0.7824    0.0297   0.02019  0.003637
    98/299     7.38G   0.01995   0.00721 0.0004182   0.02757        20       640    0.9798    0.9877    0.9848    0.7849   0.02967   0.02008  0.003135
    99/299     7.38G   0.02041  0.007607  0.000687   0.02871        17       640    0.9729    0.9901    0.9855    0.7864   0.02886   0.02118  0.003129
   100/299     7.38G   0.02037  0.007109 0.0006558   0.02813         9       640    0.9691    0.9868    0.9842    0.7799   0.02824   0.02101  0.002976
   101/299     7.38G   0.02033  0.007353 0.0005241   0.02821        28       640    0.9791    0.9901     0.986    0.7852   0.02903    0.0203  0.002708
   102/299     7.38G   0.02015  0.007151 0.0004368   0.02774        24       640    0.9776    0.9901    0.9852    0.7861   0.02879   0.02007  0.002682
   103/299     7.38G   0.01931  0.006492 0.0004422   0.02624        12       640    0.9823    0.9901    0.9893    0.7967   0.02912   0.01894  0.002905
   104/299     7.38G   0.02053  0.007399 0.0004925   0.02842         2       640     0.984    0.9901    0.9856    0.7892    0.0289   0.02003   0.00293
   105/299     7.38G   0.02044  0.007163 0.0005412   0.02814        35       640    0.9887    0.9881    0.9846    0.7938   0.02958   0.01989  0.002779
   106/299     7.38G   0.01993  0.007018 0.0004811   0.02743        18       640    0.9818    0.9901    0.9867    0.7937   0.02845    0.0196  0.002579
   107/299     7.38G   0.01993  0.007432 0.0005456    0.0279         6       640    0.9818    0.9901    0.9861    0.7856   0.02814   0.02105  0.002605
   108/299     7.38G   0.02011  0.006771 0.0004879   0.02737         4       640     0.979    0.9901    0.9863    0.7844   0.02769   0.02057  0.002624
   109/299     7.38G   0.01945   0.00666 0.0003646   0.02647         4       640      0.98    0.9901    0.9868    0.7858   0.02732   0.02075  0.002586
   110/299     7.38G   0.01959  0.007456 0.0004584    0.0275        37       640     0.982    0.9878     0.987    0.7951   0.02769   0.01992  0.002692
   111/299     7.38G   0.01973  0.007229 0.0005849   0.02754        18       640    0.9815    0.9901    0.9873    0.7886   0.02945   0.02038   0.00256
   112/299     7.38G   0.01979  0.007171 0.0005592   0.02752        15       640    0.9825    0.9901    0.9897    0.7962   0.02851   0.02014  0.002546
   113/299     7.38G   0.01932  0.006793 0.0004781   0.02659         9       640    0.9832    0.9877    0.9876    0.7837   0.02667   0.02054  0.002452
   114/299     7.38G   0.01959  0.006788 0.0005857   0.02697         4       640    0.9825    0.9887     0.987    0.7998   0.02657   0.02099  0.002913
   115/299     7.38G   0.01961  0.007059 0.0005458   0.02721        20       640    0.9819    0.9868    0.9868    0.7949   0.02728   0.02062  0.003004
   116/299     7.38G   0.01926   0.00736 0.0005955   0.02722         4       640    0.9814    0.9901    0.9891    0.7955   0.02721   0.02161  0.003042
   117/299     7.38G   0.01946  0.007026 0.0005455   0.02704         5       640    0.9784    0.9878    0.9874    0.7932   0.02672   0.02212  0.003074
   118/299     7.38G   0.01952  0.007161 0.0004779   0.02716        28       640    0.9825    0.9896    0.9865    0.7882   0.02623   0.02295  0.003202
   119/299     7.38G   0.01913  0.006951 0.0004546   0.02653        12       640    0.9896    0.9901    0.9886    0.7936   0.02623   0.02191  0.002882
   120/299     7.38G   0.01952  0.006908 0.0004735    0.0269        10       640    0.9818    0.9901     0.986    0.7924   0.02534   0.02243  0.002973
   121/299     7.38G   0.01869   0.00692  0.000444   0.02605        20       640    0.9819    0.9868     0.987    0.7883   0.02736   0.02287  0.002927
   122/299     7.38G   0.01888  0.007272 0.0004991   0.02665        39       640    0.9825    0.9866    0.9852    0.7862   0.02705   0.02181  0.002736
   123/299     7.38G   0.01911  0.006951 0.0004825   0.02655        11       640    0.9892    0.9879    0.9864    0.7848   0.02732   0.02179  0.002744
   124/299     7.38G   0.01904  0.006899 0.0004969   0.02643        25       640    0.9827    0.9901    0.9868    0.7944   0.02646   0.02237  0.002893
   125/299     7.38G    0.0189  0.006823 0.0004882   0.02621        17       640    0.9828    0.9901     0.986    0.7916   0.02612   0.02232  0.002889
   126/299     7.38G   0.01905  0.007301 0.0004694   0.02682        16       640     0.982    0.9901      0.99    0.7961   0.02609   0.02246  0.002988
   127/299     7.38G   0.01855  0.006816 0.0005353    0.0259        25       640    0.9836    0.9901    0.9869    0.7969   0.02674    0.0222  0.003001
   128/299     7.38G   0.01851  0.007015 0.0004465   0.02598        23       640    0.9852    0.9888    0.9873     0.796   0.02663   0.02259  0.002909
   129/299     7.38G   0.01855  0.006616 0.0003988   0.02556        26       640    0.9827    0.9868    0.9869    0.7819   0.02684   0.02245  0.002652
   130/299     7.38G   0.01873  0.006661 0.0005592   0.02595         9       640    0.9826    0.9887    0.9872    0.7898   0.02631   0.02286    0.0029
   131/299     7.38G   0.01879  0.006766 0.0005045   0.02606        38       640    0.9773    0.9901    0.9891    0.7925   0.02617   0.02226  0.002731
   132/299     7.38G   0.01845  0.006839 0.0003532   0.02564         9       640    0.9818    0.9901    0.9877    0.7888   0.02625   0.02222  0.002395
   133/299     7.38G   0.01865  0.006803 0.0005112   0.02597         9       640    0.9761    0.9865    0.9861    0.7896   0.02641   0.02167   0.00263
   134/299     7.38G   0.01865   0.00693 0.0004593   0.02604        19       640    0.9882    0.9817    0.9872    0.7953   0.02537   0.02178  0.002759
   135/299     7.38G   0.01832  0.006869 0.0005732   0.02576        35       640    0.9789     0.986    0.9869    0.7928   0.02541   0.02147  0.002805
   136/299     7.38G   0.01823  0.006857 0.0004997   0.02559        31       640    0.9834     0.986    0.9881    0.7901   0.02526   0.02163  0.002536
   137/299     7.38G    0.0183  0.006609 0.0004258   0.02533        34       640    0.9739    0.9901    0.9892    0.7934   0.02486   0.02237  0.002467
   138/299     7.38G   0.01779  0.006512 0.0003906    0.0247        20       640    0.9818    0.9858    0.9883    0.7927   0.02516   0.02215  0.002709
   139/299     7.38G   0.01803  0.007046 0.0004689   0.02555         7       640    0.9899    0.9825    0.9877    0.7946   0.02498   0.02252  0.002903
   140/299     7.38G   0.01844  0.006848 0.0003773   0.02567        24       640    0.9827    0.9868    0.9883    0.7933   0.02571    0.0229  0.002958
   141/299     7.38G   0.01846  0.006652 0.0006059   0.02572         8       640    0.9767    0.9901    0.9896    0.7867   0.02603   0.02333  0.002746
   142/299     7.38G   0.01813  0.006904 0.0002949   0.02533        12       640    0.9819    0.9858     0.989    0.7923   0.02561   0.02378  0.003024
   143/299     7.38G   0.01828  0.006634 0.0004168   0.02533        24       640    0.9824    0.9882    0.9865    0.7932   0.02554   0.02291  0.003501
   144/299     7.38G   0.01819  0.006714 0.0003797   0.02529         5       640    0.9734    0.9901    0.9862    0.7912   0.02588   0.02286  0.003298
   145/299     7.38G   0.01806  0.007116 0.0005084   0.02568         7       640    0.9899     0.979    0.9864    0.7896   0.02565   0.02229  0.003325
   146/299     7.38G   0.01802  0.006916 0.0004333   0.02537        19       640    0.9794    0.9896    0.9867     0.789   0.02537   0.02323  0.002885
   147/299     7.38G   0.01761  0.006578  0.000452   0.02464        22       640    0.9821    0.9863    0.9888    0.7949   0.02533   0.02287  0.002975
   148/299     7.38G   0.01784  0.006529 0.0004335   0.02481         7       640    0.9793    0.9901    0.9883    0.7856   0.02597    0.0233  0.002895
   149/299     7.38G   0.01757   0.00689 0.0005021   0.02497        22       640    0.9844    0.9865    0.9869    0.7942   0.02495   0.02372  0.002924
   150/299     7.38G   0.01751   0.00629 0.0004166   0.02421        16       640    0.9821    0.9894    0.9868    0.7938   0.02551   0.02373  0.003462
   151/299     7.38G   0.01768  0.006419 0.0003885   0.02449         8       640    0.9884    0.9846    0.9875    0.7981   0.02545   0.02405  0.003598
   152/299     7.38G   0.01777  0.006538 0.0004084   0.02472         3       640    0.9803    0.9917    0.9868    0.7892   0.02494   0.02441  0.003377
   153/299     7.38G   0.01752  0.006457  0.000323    0.0243        22       640     0.983    0.9861      0.99    0.7907   0.02548   0.02361  0.003264
   154/299     7.38G   0.01747  0.006563 0.0004165   0.02445         8       640    0.9798    0.9868    0.9904    0.8065    0.0252   0.02341  0.003076
   155/299     7.38G   0.01768  0.006726  0.000455   0.02486        23       640    0.9757    0.9901    0.9892    0.7972   0.02567   0.02324  0.003204
   156/299     7.38G   0.01769  0.006782 0.0004177   0.02489         6       640    0.9728    0.9901    0.9873    0.8012   0.02499   0.02311  0.003332
   157/299     7.38G   0.01705  0.006356 0.0003568   0.02377        16       640    0.9753    0.9868    0.9871    0.7923    0.0254   0.02397  0.003603
   158/299     7.38G   0.01687  0.006285 0.0003706   0.02353        20       640    0.9787    0.9901    0.9867    0.7897   0.02501   0.02382    0.0032
   159/299     7.38G   0.01698   0.00684 0.0004125   0.02423        33       640    0.9833    0.9877    0.9872    0.7803   0.02541   0.02342  0.003273
   160/299     7.38G   0.01724  0.006545 0.0003676   0.02415        21       640    0.9824    0.9857    0.9872    0.7899   0.02485   0.02337  0.003032
   161/299     7.38G   0.01726  0.007006 0.0004946   0.02476        20       640    0.9761     0.985    0.9873    0.7831   0.02491   0.02357  0.003021
   162/299     7.38G   0.01674  0.006621  0.000358   0.02372        17       640    0.9822    0.9894    0.9898    0.7844   0.02501   0.02384  0.002816
   163/299     7.38G   0.01716  0.006769 0.0004212   0.02435        11       640    0.9767     0.986    0.9883    0.7809   0.02586    0.0244  0.003061
   164/299     7.38G    0.0166  0.006275 0.0003434   0.02322        17       640    0.9833    0.9901    0.9895    0.7939   0.02539   0.02404  0.002961
   165/299     7.38G   0.01709  0.006423 0.0003346   0.02385        20       640    0.9884    0.9836    0.9871    0.8031   0.02429     0.024  0.003236
   166/299     7.38G   0.01684  0.006553 0.0003377   0.02373        13       640    0.9824    0.9901    0.9876    0.7936   0.02436   0.02423  0.003019
   167/299     7.38G   0.01709  0.006424 0.0004033   0.02392        18       640     0.983    0.9901    0.9867    0.7931   0.02424   0.02457  0.003024
   168/299     7.38G   0.01683  0.006268 0.0003619   0.02346         7       640    0.9822    0.9901    0.9861    0.7905   0.02529   0.02413  0.002973
   169/299     7.38G   0.01665  0.006889 0.0003459   0.02388        22       640    0.9758    0.9901     0.985    0.7887   0.02553   0.02401  0.003125
   170/299     7.38G   0.01643  0.005876 0.0003168   0.02262         9       640    0.9815    0.9901    0.9842    0.7875   0.02502   0.02385  0.003336
   171/299     7.38G   0.01689   0.00627 0.0003531   0.02351        20       640    0.9808    0.9901    0.9858     0.783    0.0253   0.02468  0.003303
   172/299     7.38G    0.0169   0.00616 0.0004525   0.02352        13       640    0.9892    0.9895    0.9852    0.7878   0.02517   0.02463  0.003407
   173/299     7.38G   0.01662  0.006538 0.0003653   0.02352         6       640     0.988    0.9873    0.9844    0.7941   0.02493   0.02476  0.003231
   174/299     7.38G   0.01672  0.006072 0.0002742   0.02307        16       640    0.9835     0.988    0.9832    0.7864   0.02494    0.0241   0.00325
   175/299     7.38G   0.01667  0.006318 0.0004283   0.02342        28       640    0.9842    0.9882    0.9892    0.7921   0.02496   0.02426  0.003185
   176/299     7.38G   0.01684  0.006508 0.0003497    0.0237        12       640    0.9823    0.9901    0.9907     0.794   0.02463   0.02394  0.003353
   177/299     7.38G   0.01655  0.006237 0.0002839   0.02307         4       640    0.9878     0.988    0.9868    0.7937   0.02512   0.02453  0.003623
   178/299     7.38G   0.01596  0.006445 0.0004102   0.02281         4       640    0.9783     0.988    0.9846    0.7835   0.02504   0.02428  0.003556
   179/299     7.38G    0.0162  0.006415  0.000337   0.02296        12       640    0.9741    0.9836    0.9833    0.7844   0.02518    0.0245   0.00346
   180/299     7.38G   0.01636  0.006109 0.0003533   0.02283        13       640    0.9822    0.9901    0.9858    0.7817   0.02497   0.02641    0.0039
   181/299     7.38G   0.01625  0.006377 0.0002962   0.02293        12       640     0.985    0.9901    0.9846    0.7836   0.02484   0.02568  0.003671
   182/299     7.38G   0.01599  0.005919 0.0002156   0.02212        18       640    0.9727    0.9901     0.985    0.7838   0.02525   0.02542  0.003349
   183/299     7.38G   0.01599  0.006255 0.0003886   0.02263         5       640    0.9728    0.9901    0.9855    0.7869   0.02503   0.02529  0.003539
   184/299     7.38G   0.01607  0.006406 0.0003312    0.0228        31       640    0.9829    0.9893    0.9854    0.7833   0.02512   0.02504  0.003478
   185/299     7.38G   0.01617  0.006289  0.000316   0.02278        24       640    0.9897    0.9775    0.9856    0.7943   0.02479   0.02434  0.003559
   186/299     7.38G   0.01587  0.006301 0.0002446   0.02241        30       640    0.9836    0.9901    0.9875     0.784   0.02519   0.02477  0.003391
   187/299     7.38G   0.01584  0.006433 0.0002906   0.02257         7       640    0.9896    0.9871    0.9878    0.7881   0.02448   0.02425  0.003093
   188/299     7.38G   0.01585  0.006117 0.0003167   0.02228        14       640     0.988    0.9821    0.9868    0.7853   0.02497   0.02475   0.00324
   189/299     7.38G   0.01608  0.006231  0.000369   0.02268         7       640    0.9864    0.9901    0.9868    0.7879    0.0248   0.02515  0.003208
   190/299     7.38G   0.01589  0.006264 0.0003466    0.0225        14       640    0.9898    0.9828    0.9859    0.7813   0.02451   0.02533  0.003315
   191/299     7.38G   0.01593  0.006159 0.0002519   0.02234        18       640    0.9898    0.9783    0.9858    0.7842   0.02484   0.02558  0.003162
   192/299     7.38G   0.01584  0.006187 0.0003011   0.02233         2       640      0.98    0.9883    0.9866    0.7877   0.02496   0.02549  0.003277
   193/299     7.38G   0.01551    0.0063 0.0004017   0.02221         6       640    0.9756    0.9906     0.986    0.7835   0.02458   0.02558  0.003326
   194/299     7.38G   0.01549   0.00629 0.0004192    0.0222        24       640    0.9843    0.9901    0.9856    0.7859   0.02444   0.02578  0.003155
   195/299     7.38G   0.01518  0.006108 0.0003515   0.02164        30       640     0.988    0.9875    0.9864    0.7884   0.02418    0.0254  0.003051
   196/299     7.38G   0.01563  0.006234 0.0002965   0.02216        34       640    0.9839    0.9877     0.986    0.7885   0.02487   0.02582  0.003201
   197/299     7.38G   0.01555  0.006136   0.00034   0.02203        19       640    0.9835    0.9849    0.9859    0.7831   0.02478   0.02573  0.003178
   198/299     7.38G   0.01531   0.00592 0.0003429   0.02157        20       640    0.9737    0.9873    0.9855    0.7884    0.0246   0.02579  0.003236
   199/299     7.38G   0.01589  0.006218 0.0003126   0.02242         6       640    0.9733     0.981    0.9852    0.7873   0.02478    0.0251  0.003348
   200/299     7.38G    0.0153  0.006084 0.0002754   0.02166        18       640    0.9763    0.9867     0.986    0.7828   0.02518   0.02541  0.003204
   201/299     7.38G   0.01528  0.005732 0.0002653   0.02127         8       640    0.9713    0.9916     0.986    0.7847   0.02501   0.02558  0.003255
   202/299     7.38G   0.01538   0.00615 0.0003086   0.02184        17       640    0.9726    0.9868    0.9869     0.792   0.02462   0.02536  0.003162
   203/299     7.38G   0.01527   0.00594 0.0002413   0.02145         9       640    0.9824    0.9827    0.9863     0.787   0.02483   0.02489  0.003193
   204/299     7.38G   0.01533  0.005965 0.0003195   0.02162        19       640    0.9823    0.9875    0.9858    0.7909   0.02498   0.02479  0.003123
   205/299     7.38G   0.01521  0.006225  0.000311   0.02174         5       640    0.9737    0.9901    0.9857    0.7826    0.0247   0.02476  0.003101
   206/299     7.38G   0.01504  0.006101 0.0002954   0.02144        13       640    0.9761    0.9889    0.9856    0.7843   0.02493    0.0254   0.00323
   207/299     7.38G   0.01517  0.006032  0.000333   0.02153        17       640    0.9896    0.9899    0.9851    0.7805   0.02512   0.02559  0.003234
   208/299     7.38G   0.01526  0.005735 0.0003056    0.0213         2       640    0.9897    0.9861    0.9873    0.7886   0.02475   0.02503  0.003322
   209/299     7.38G   0.01499  0.006252 0.0003722   0.02162        14       640    0.9897    0.9901    0.9872    0.7876   0.02456    0.0258  0.003271
   210/299     7.38G   0.01521  0.005996 0.0002418   0.02144         9       640     0.979    0.9934    0.9863    0.7891   0.02496   0.02569   0.00313
   211/299     7.38G   0.01509   0.00599 0.0004271   0.02151        18       640     0.983    0.9873    0.9865    0.7871   0.02548   0.02572  0.003085
   212/299     7.38G   0.01451  0.006182 0.0003448   0.02103         9       640    0.9751    0.9901    0.9868    0.7934    0.0244   0.02614  0.003086
   213/299     7.38G   0.01439  0.005785 0.0002346   0.02041        27       640    0.9757    0.9934     0.986     0.784   0.02487   0.02635  0.003041
   214/299     7.38G   0.01462  0.005846 0.0002061   0.02068        17       640    0.9791    0.9868    0.9859    0.7923   0.02473   0.02626  0.003027
   215/299     7.38G   0.01473  0.005915    0.0002   0.02085        19       640    0.9882    0.9803    0.9856    0.7952   0.02448   0.02658  0.003062
   216/299     7.38G    0.0151  0.006062 0.0003109   0.02147        32       640    0.9889    0.9807    0.9854    0.7883   0.02404   0.02636  0.002998
   217/299     7.38G   0.01454  0.005814 0.0002841   0.02064        11       640    0.9812    0.9868    0.9858    0.7844   0.02441   0.02565  0.003109
   218/299     7.38G   0.01447  0.006076 0.0002891   0.02083         4       640    0.9817    0.9867    0.9852    0.7881   0.02504   0.02623   0.00327
   219/299     7.38G   0.01471  0.006098 0.0002881    0.0211         9       640    0.9807    0.9887    0.9855     0.787   0.02479   0.02627  0.003266
   220/299     7.38G   0.01454  0.006171 0.0002211   0.02093        20       640    0.9759    0.9901    0.9849    0.7871   0.02459     0.026  0.003129
   221/299     7.38G   0.01473  0.005919 0.0003304   0.02098         4       640    0.9893    0.9897    0.9857     0.786   0.02478   0.02651  0.003361
   222/299     7.38G   0.01475  0.005952 0.0003758   0.02108        22       640    0.9897    0.9793    0.9856    0.7878   0.02487   0.02644  0.003425
   223/299     7.38G   0.01448  0.005759  0.000182   0.02042        12       640    0.9821    0.9933    0.9854    0.7915   0.02444   0.02597  0.003326
   224/299     7.38G   0.01483  0.006064 0.0003065    0.0212        40       640    0.9895     0.989    0.9866    0.7871   0.02465   0.02579  0.003216
   225/299     7.38G   0.01455  0.005905 0.0002558   0.02072        16       640    0.9896    0.9879    0.9888    0.7941   0.02474    0.0263  0.003085
   226/299     7.38G   0.01426  0.005878 0.0001924   0.02033        20       640    0.9888    0.9908    0.9868    0.7874   0.02499   0.02642  0.003205
   227/299     7.38G   0.01412  0.005916 0.0002561   0.02029        26       640    0.9818    0.9901    0.9858    0.7878   0.02499   0.02676  0.003226
   228/299     7.38G   0.01429  0.006024 0.0002405   0.02056        15       640    0.9827    0.9888     0.986    0.7916   0.02442   0.02672  0.003233
   229/299     7.38G   0.01408  0.005857 0.0002296   0.02017         8       640    0.9892    0.9891    0.9861    0.7866   0.02487   0.02661  0.003233
   230/299     7.38G   0.01436  0.005429 0.0002452   0.02004        13       640    0.9894    0.9873     0.986    0.7858   0.02482   0.02679  0.003139
   231/299     7.38G   0.01421  0.005968 0.0002799   0.02045        39       640    0.9895    0.9882    0.9859    0.7805     0.025   0.02707  0.003124
   232/299     7.38G    0.0141   0.00582 0.0001843   0.02011        24       640    0.9882    0.9901    0.9862    0.7841   0.02462   0.02641  0.003028
   233/299     7.38G   0.01431  0.005952  0.000309   0.02057        18       640    0.9895    0.9834    0.9856    0.7832   0.02489   0.02611  0.003035
   234/299     7.38G   0.01411  0.005608 0.0002702   0.01999         5       640    0.9805      0.99    0.9858    0.7896   0.02497   0.02662  0.003212
   235/299     7.38G   0.01372  0.005504 0.0001783    0.0194        13       640    0.9879    0.9901    0.9862    0.7803   0.02519   0.02671  0.003448
   236/299     7.38G     0.014  0.005722 0.0003127   0.02004        22       640    0.9731    0.9901    0.9859    0.7864   0.02501    0.0265  0.003117
   237/299     7.38G   0.01383  0.005646 0.0002519   0.01973        28       640     0.981    0.9901    0.9861    0.7855   0.02494   0.02738  0.003157
   238/299     7.38G   0.01374  0.005518 0.0002253   0.01948        20       640    0.9874    0.9901    0.9866    0.7913   0.02479   0.02722  0.003126
   239/299     7.38G    0.0143  0.005587 0.0006741   0.02056        15       640    0.9894    0.9901     0.987    0.7902   0.02498   0.02751  0.003108
   240/299     7.38G   0.01375  0.005612 0.0003415    0.0197         8       640    0.9821    0.9901    0.9863    0.7883   0.02478   0.02752   0.00326
   241/299     7.38G   0.01429  0.005648 0.0002094   0.02014        32       640    0.9823    0.9898    0.9862    0.7846   0.02486   0.02758  0.003216
   242/299     7.38G   0.01376  0.005343 0.0003475   0.01945        21       640    0.9892    0.9834    0.9866    0.7852   0.02482   0.02813  0.003243
   243/299     7.38G    0.0143  0.005842 0.0002825   0.02043         6       640    0.9895    0.9831    0.9865    0.7808   0.02493   0.02758  0.003156
   244/299     7.38G   0.01377  0.005692 0.0002027   0.01967        28       640    0.9899    0.9901    0.9865    0.7852   0.02509   0.02769  0.003211
   245/299     7.38G   0.01381  0.005731 0.0002554    0.0198        21       640    0.9898    0.9875    0.9869    0.7909   0.02493   0.02771  0.003221
   246/299     7.38G   0.01398  0.005778  0.000229   0.01999        14       640    0.9896    0.9892    0.9868    0.7922   0.02494   0.02763  0.003186
   247/299     7.38G   0.01402  0.005729 0.0003088   0.02006         9       640    0.9896    0.9901    0.9871    0.7965   0.02482   0.02745  0.003248
   248/299     7.38G   0.01317  0.005515 0.0003056     0.019         4       640    0.9898    0.9899    0.9869    0.7888   0.02457   0.02745  0.003256
   249/299     7.38G   0.01372    0.0058 0.0003523   0.01987        19       640    0.9823    0.9901    0.9862    0.7901   0.02456   0.02757  0.003124
   250/299     7.38G   0.01346  0.005765 0.0002057   0.01943         7       640    0.9873    0.9901    0.9859    0.7881   0.02471     0.027  0.003228
   251/299     7.38G   0.01422  0.005769 0.0002825   0.02027        16       640    0.9875    0.9892    0.9862    0.7928   0.02465   0.02711   0.00325
   252/299     7.38G   0.01378   0.00563 0.0002246   0.01964        16       640    0.9889    0.9901    0.9862    0.7836   0.02515   0.02685   0.00322
   253/299     7.38G   0.01378  0.005663 0.0002482    0.0197        32       640    0.9897    0.9883    0.9856     0.781   0.02509   0.02675  0.003151
   254/299     7.38G   0.01378  0.005536 0.0002884   0.01961        20       640    0.9896    0.9871    0.9864    0.7819   0.02508   0.02674  0.003211
   255/299     7.38G   0.01363  0.005879 0.0002044   0.01971        24       640    0.9863    0.9901    0.9861    0.7846   0.02459   0.02735  0.003241
   256/299     7.38G   0.01352  0.005428 0.0003763   0.01933         6       640    0.9883    0.9868    0.9861    0.7829   0.02442   0.02759  0.003129
   257/299     7.38G   0.01328  0.005469 0.0002454     0.019        17       640    0.9851    0.9901    0.9856    0.7848   0.02439    0.0278  0.003153
   258/299     7.38G   0.01384    0.0057 0.0002371   0.01977         8       640    0.9858      0.99    0.9857    0.7835   0.02477   0.02805  0.003201
   259/299     7.38G   0.01346  0.005805 0.0003173   0.01958        16       640    0.9853    0.9892    0.9855    0.7839   0.02466   0.02787  0.003364
   260/299     7.38G   0.01341  0.005427 0.0001883   0.01902         3       640     0.983    0.9901    0.9851    0.7832   0.02452   0.02808  0.003441
   261/299     7.38G   0.01321  0.005387 0.0002925   0.01889         1       640    0.9858    0.9896    0.9858    0.7805   0.02485   0.02829  0.003293
   262/299     7.38G   0.01376  0.006023 0.0003128    0.0201        39       640    0.9869    0.9901     0.986     0.787   0.02498   0.02775  0.003233
   263/299     7.38G   0.01303  0.005884 0.0002189   0.01913        10       640    0.9877    0.9885    0.9867    0.7854   0.02507   0.02722  0.003128
   264/299     7.38G   0.01323  0.005582 0.0002334   0.01904        21       640    0.9875    0.9901    0.9867     0.782   0.02503   0.02751  0.003229
   265/299     7.38G   0.01343   0.00577 0.0003798   0.01958        34       640    0.9873    0.9901    0.9869    0.7901   0.02492   0.02745  0.003323
   266/299     7.38G   0.01362  0.005587 0.0002836   0.01949        37       640    0.9866    0.9898    0.9871    0.7909   0.02468   0.02794  0.003317
   267/299     7.38G   0.01306  0.005505 0.0001845   0.01875        20       640    0.9867    0.9887    0.9867    0.7866   0.02462   0.02763  0.003187
   268/299     7.38G   0.01315  0.005485 0.0002551   0.01889        40       640    0.9868    0.9898    0.9865    0.7835    0.0247   0.02766  0.003114
   269/299     7.38G   0.01355  0.005608 0.0003085   0.01947        13       640    0.9895    0.9878    0.9863    0.7863   0.02495   0.02789  0.003128
   270/299     7.38G   0.01327  0.005451 0.0002633   0.01899        10       640    0.9895    0.9842    0.9863    0.7839   0.02502   0.02777  0.003162
   271/299     7.38G   0.01327  0.005511  0.000203   0.01899        11       640    0.9881    0.9878    0.9862      0.79   0.02495   0.02756  0.003202
   272/299     7.38G    0.0134  0.005619 0.0001675   0.01919         6       640    0.9898    0.9844    0.9862    0.7865   0.02497   0.02782  0.003234
   273/299     7.38G   0.01332  0.005673 0.0002443   0.01924        12       640      0.99    0.9887    0.9875     0.789   0.02469   0.02831   0.00315
   274/299     7.38G   0.01283  0.005437 0.0001884   0.01846        13       640    0.9898    0.9883    0.9875    0.7872   0.02487   0.02837  0.003195
   275/299     7.38G   0.01295   0.00553 0.0002383   0.01872        23       640    0.9888    0.9883    0.9876    0.7884   0.02505   0.02803  0.003179
   276/299     7.38G   0.01312   0.00546 0.0002242    0.0188        13       640    0.9891    0.9887    0.9878    0.7894   0.02503   0.02806  0.003316
   277/299     7.38G     0.013  0.005383 0.0002124    0.0186        25       640    0.9874    0.9911    0.9881    0.7887   0.02478   0.02856  0.003276
   278/299     7.38G   0.01325  0.005514 0.0002697   0.01904        32       640    0.9858    0.9924    0.9871    0.7912   0.02446   0.02863  0.003323
   279/299     7.38G   0.01295  0.005228 0.0002349   0.01842        18       640     0.985    0.9935    0.9868    0.7889   0.02467   0.02847   0.00323
   280/299     7.38G   0.01314  0.005326 0.0003282   0.01879        16       640    0.9839    0.9935    0.9868    0.7843   0.02488   0.02798  0.003179
   281/299     7.38G   0.01346   0.00545 0.0003171   0.01922        27       640    0.9843    0.9934    0.9868    0.7819   0.02484   0.02836  0.003292
   282/299     7.38G   0.01277  0.005526 0.0002941   0.01859         9       640    0.9856    0.9935    0.9873    0.7888    0.0249   0.02834  0.003266
   283/299     7.38G   0.01328  0.005427 0.0002291   0.01894        19       640    0.9898    0.9879     0.987    0.7899    0.0247   0.02827  0.003277
   284/299     7.38G   0.01303  0.005525 0.0002669   0.01882         5       640     0.989    0.9901    0.9869     0.786    0.0248    0.0282  0.003342
   285/299     7.38G   0.01313  0.005579 0.0002769   0.01899         8       640    0.9861    0.9934    0.9869    0.7837   0.02495   0.02864  0.003384
   286/299     7.38G   0.01352   0.00529 0.0002526   0.01906        19       640    0.9868    0.9901    0.9865    0.7839   0.02477   0.02882  0.003333
   287/299     7.38G   0.01293  0.005477  0.000252   0.01866         7       640    0.9893    0.9868    0.9864    0.7888   0.02451   0.02833  0.003256
   288/299     7.38G   0.01317  0.005892 0.0002378    0.0193        16       640    0.9858    0.9901    0.9867    0.7883    0.0246   0.02829  0.003193
   289/299     7.38G   0.01318  0.005531 0.0001717   0.01888         6       640    0.9877    0.9901    0.9866    0.7839   0.02481     0.028  0.003228
   290/299     7.38G   0.01263  0.005044 0.0001747   0.01785        12       640    0.9867    0.9901    0.9865    0.7892   0.02451   0.02832  0.003172
   291/299     7.38G   0.01337  0.005802 0.0003297    0.0195        15       640    0.9875    0.9901    0.9868    0.7851    0.0247   0.02855  0.003108
   292/299     7.38G   0.01291  0.005212 0.0002056   0.01833        25       640    0.9867    0.9901    0.9862    0.7819   0.02466   0.02873  0.003075
   293/299     7.38G   0.01333  0.005564 0.0002605   0.01915        22       640    0.9867    0.9901    0.9863    0.7844   0.02488   0.02858  0.003037
   294/299     7.38G    0.0127  0.005374  0.000206   0.01828        21       640    0.9892    0.9873    0.9861    0.7789   0.02502   0.02844  0.003054
   295/299     7.38G   0.01291  0.005456 0.0002427   0.01861        21       640    0.9863    0.9901    0.9859    0.7812   0.02495   0.02869  0.003104
   296/299     7.38G   0.01326  0.005559 0.0002684   0.01908        19       640    0.9867    0.9901    0.9863     0.786   0.02475   0.02875  0.003112
   297/299     7.38G   0.01293  0.005447 0.0001942   0.01857        12       640    0.9897    0.9868    0.9868    0.7837   0.02459   0.02881  0.003111
   298/299     7.38G   0.01279  0.005416 0.0002923    0.0185        28       640    0.9899    0.9874    0.9866    0.7845   0.02467   0.02871  0.003101
   299/299     7.38G    0.0127  0.005289 0.0003393   0.01833         7       640    0.9898     0.988    0.9867    0.7874   0.02459    0.0288  0.003085
